{
 "cells": [
  {
   "cell_type": "code",
   "execution_count": 31,
   "id": "e3ea608c",
   "metadata": {},
   "outputs": [],
   "source": [
    "import warnings\n",
    "warnings.filterwarnings(\"ignore\")\n",
    "import pandas as pd\n",
    "import numpy as np\n",
    "import seaborn as sns\n",
    "import time\n",
    "from sklearn.datasets import make_classification\n",
    "import matplotlib.pyplot as plt\n",
    "%matplotlib notebook"
   ]
  },
  {
   "cell_type": "code",
   "execution_count": 32,
   "id": "1a9fe031",
   "metadata": {},
   "outputs": [],
   "source": [
    "X = pd.read_csv('weather.csv')"
   ]
  },
  {
   "cell_type": "code",
   "execution_count": 33,
   "id": "a2437112",
   "metadata": {},
   "outputs": [
    {
     "data": {
      "text/html": [
       "<div>\n",
       "<style scoped>\n",
       "    .dataframe tbody tr th:only-of-type {\n",
       "        vertical-align: middle;\n",
       "    }\n",
       "\n",
       "    .dataframe tbody tr th {\n",
       "        vertical-align: top;\n",
       "    }\n",
       "\n",
       "    .dataframe thead th {\n",
       "        text-align: right;\n",
       "    }\n",
       "</style>\n",
       "<table border=\"1\" class=\"dataframe\">\n",
       "  <thead>\n",
       "    <tr style=\"text-align: right;\">\n",
       "      <th></th>\n",
       "      <th>Unnamed: 0</th>\n",
       "      <th>Date</th>\n",
       "      <th>Location</th>\n",
       "      <th>MinTemp</th>\n",
       "      <th>MaxTemp</th>\n",
       "      <th>Rainfall</th>\n",
       "      <th>Evaporation</th>\n",
       "      <th>Sunshine</th>\n",
       "      <th>WindGustDir</th>\n",
       "      <th>WindGustSpeed</th>\n",
       "      <th>...</th>\n",
       "      <th>Humidity9am</th>\n",
       "      <th>Humidity3pm</th>\n",
       "      <th>Pressure9am</th>\n",
       "      <th>Pressure3pm</th>\n",
       "      <th>Cloud9am</th>\n",
       "      <th>Cloud3pm</th>\n",
       "      <th>Temp9am</th>\n",
       "      <th>Temp3pm</th>\n",
       "      <th>RainToday</th>\n",
       "      <th>RainTomorrow</th>\n",
       "    </tr>\n",
       "  </thead>\n",
       "  <tbody>\n",
       "    <tr>\n",
       "      <th>0</th>\n",
       "      <td>0</td>\n",
       "      <td>2008-12-01</td>\n",
       "      <td>Albury</td>\n",
       "      <td>13.4</td>\n",
       "      <td>22.9</td>\n",
       "      <td>0.6</td>\n",
       "      <td>NaN</td>\n",
       "      <td>NaN</td>\n",
       "      <td>W</td>\n",
       "      <td>44.0</td>\n",
       "      <td>...</td>\n",
       "      <td>71.0</td>\n",
       "      <td>22.0</td>\n",
       "      <td>1007.7</td>\n",
       "      <td>1007.1</td>\n",
       "      <td>8.0</td>\n",
       "      <td>NaN</td>\n",
       "      <td>16.9</td>\n",
       "      <td>21.8</td>\n",
       "      <td>No</td>\n",
       "      <td>No</td>\n",
       "    </tr>\n",
       "    <tr>\n",
       "      <th>1</th>\n",
       "      <td>1</td>\n",
       "      <td>2008-12-02</td>\n",
       "      <td>Albury</td>\n",
       "      <td>7.4</td>\n",
       "      <td>25.1</td>\n",
       "      <td>0.0</td>\n",
       "      <td>NaN</td>\n",
       "      <td>NaN</td>\n",
       "      <td>WNW</td>\n",
       "      <td>44.0</td>\n",
       "      <td>...</td>\n",
       "      <td>44.0</td>\n",
       "      <td>25.0</td>\n",
       "      <td>1010.6</td>\n",
       "      <td>1007.8</td>\n",
       "      <td>NaN</td>\n",
       "      <td>NaN</td>\n",
       "      <td>17.2</td>\n",
       "      <td>24.3</td>\n",
       "      <td>No</td>\n",
       "      <td>No</td>\n",
       "    </tr>\n",
       "    <tr>\n",
       "      <th>2</th>\n",
       "      <td>2</td>\n",
       "      <td>2008-12-03</td>\n",
       "      <td>Albury</td>\n",
       "      <td>12.9</td>\n",
       "      <td>25.7</td>\n",
       "      <td>0.0</td>\n",
       "      <td>NaN</td>\n",
       "      <td>NaN</td>\n",
       "      <td>WSW</td>\n",
       "      <td>46.0</td>\n",
       "      <td>...</td>\n",
       "      <td>38.0</td>\n",
       "      <td>30.0</td>\n",
       "      <td>1007.6</td>\n",
       "      <td>1008.7</td>\n",
       "      <td>NaN</td>\n",
       "      <td>2.0</td>\n",
       "      <td>21.0</td>\n",
       "      <td>23.2</td>\n",
       "      <td>No</td>\n",
       "      <td>No</td>\n",
       "    </tr>\n",
       "    <tr>\n",
       "      <th>3</th>\n",
       "      <td>3</td>\n",
       "      <td>2008-12-04</td>\n",
       "      <td>Albury</td>\n",
       "      <td>9.2</td>\n",
       "      <td>28.0</td>\n",
       "      <td>0.0</td>\n",
       "      <td>NaN</td>\n",
       "      <td>NaN</td>\n",
       "      <td>NE</td>\n",
       "      <td>24.0</td>\n",
       "      <td>...</td>\n",
       "      <td>45.0</td>\n",
       "      <td>16.0</td>\n",
       "      <td>1017.6</td>\n",
       "      <td>1012.8</td>\n",
       "      <td>NaN</td>\n",
       "      <td>NaN</td>\n",
       "      <td>18.1</td>\n",
       "      <td>26.5</td>\n",
       "      <td>No</td>\n",
       "      <td>No</td>\n",
       "    </tr>\n",
       "    <tr>\n",
       "      <th>4</th>\n",
       "      <td>4</td>\n",
       "      <td>2008-12-05</td>\n",
       "      <td>Albury</td>\n",
       "      <td>17.5</td>\n",
       "      <td>32.3</td>\n",
       "      <td>1.0</td>\n",
       "      <td>NaN</td>\n",
       "      <td>NaN</td>\n",
       "      <td>W</td>\n",
       "      <td>41.0</td>\n",
       "      <td>...</td>\n",
       "      <td>82.0</td>\n",
       "      <td>33.0</td>\n",
       "      <td>1010.8</td>\n",
       "      <td>1006.0</td>\n",
       "      <td>7.0</td>\n",
       "      <td>8.0</td>\n",
       "      <td>17.8</td>\n",
       "      <td>29.7</td>\n",
       "      <td>No</td>\n",
       "      <td>No</td>\n",
       "    </tr>\n",
       "  </tbody>\n",
       "</table>\n",
       "<p>5 rows × 24 columns</p>\n",
       "</div>"
      ],
      "text/plain": [
       "   Unnamed: 0        Date Location  MinTemp  MaxTemp  Rainfall  Evaporation  \\\n",
       "0           0  2008-12-01   Albury     13.4     22.9       0.6          NaN   \n",
       "1           1  2008-12-02   Albury      7.4     25.1       0.0          NaN   \n",
       "2           2  2008-12-03   Albury     12.9     25.7       0.0          NaN   \n",
       "3           3  2008-12-04   Albury      9.2     28.0       0.0          NaN   \n",
       "4           4  2008-12-05   Albury     17.5     32.3       1.0          NaN   \n",
       "\n",
       "   Sunshine WindGustDir  WindGustSpeed  ... Humidity9am Humidity3pm  \\\n",
       "0       NaN           W           44.0  ...        71.0        22.0   \n",
       "1       NaN         WNW           44.0  ...        44.0        25.0   \n",
       "2       NaN         WSW           46.0  ...        38.0        30.0   \n",
       "3       NaN          NE           24.0  ...        45.0        16.0   \n",
       "4       NaN           W           41.0  ...        82.0        33.0   \n",
       "\n",
       "   Pressure9am  Pressure3pm  Cloud9am  Cloud3pm  Temp9am  Temp3pm  RainToday  \\\n",
       "0       1007.7       1007.1       8.0       NaN     16.9     21.8         No   \n",
       "1       1010.6       1007.8       NaN       NaN     17.2     24.3         No   \n",
       "2       1007.6       1008.7       NaN       2.0     21.0     23.2         No   \n",
       "3       1017.6       1012.8       NaN       NaN     18.1     26.5         No   \n",
       "4       1010.8       1006.0       7.0       8.0     17.8     29.7         No   \n",
       "\n",
       "   RainTomorrow  \n",
       "0            No  \n",
       "1            No  \n",
       "2            No  \n",
       "3            No  \n",
       "4            No  \n",
       "\n",
       "[5 rows x 24 columns]"
      ]
     },
     "execution_count": 33,
     "metadata": {},
     "output_type": "execute_result"
    }
   ],
   "source": [
    "X.head()"
   ]
  },
  {
   "cell_type": "code",
   "execution_count": 34,
   "id": "64943e4b",
   "metadata": {},
   "outputs": [],
   "source": [
    "X['RainTomorrow']=X.RainTomorrow.replace({'No':-1, 'Yes': 1})\n",
    "X['RainToday']=X.RainToday.replace({'No':-1, 'Yes': 1})\n",
    "del X['Unnamed: 0']"
   ]
  },
  {
   "cell_type": "code",
   "execution_count": 35,
   "id": "90ab3dc1",
   "metadata": {},
   "outputs": [
    {
     "data": {
      "text/html": [
       "<div>\n",
       "<style scoped>\n",
       "    .dataframe tbody tr th:only-of-type {\n",
       "        vertical-align: middle;\n",
       "    }\n",
       "\n",
       "    .dataframe tbody tr th {\n",
       "        vertical-align: top;\n",
       "    }\n",
       "\n",
       "    .dataframe thead th {\n",
       "        text-align: right;\n",
       "    }\n",
       "</style>\n",
       "<table border=\"1\" class=\"dataframe\">\n",
       "  <thead>\n",
       "    <tr style=\"text-align: right;\">\n",
       "      <th></th>\n",
       "      <th>MinTemp</th>\n",
       "      <th>MaxTemp</th>\n",
       "      <th>Rainfall</th>\n",
       "      <th>Evaporation</th>\n",
       "      <th>Sunshine</th>\n",
       "      <th>WindGustSpeed</th>\n",
       "      <th>WindSpeed9am</th>\n",
       "      <th>WindSpeed3pm</th>\n",
       "      <th>Humidity9am</th>\n",
       "      <th>Humidity3pm</th>\n",
       "      <th>Pressure9am</th>\n",
       "      <th>Pressure3pm</th>\n",
       "      <th>Cloud9am</th>\n",
       "      <th>Cloud3pm</th>\n",
       "      <th>Temp9am</th>\n",
       "      <th>Temp3pm</th>\n",
       "      <th>RainToday</th>\n",
       "      <th>RainTomorrow</th>\n",
       "    </tr>\n",
       "  </thead>\n",
       "  <tbody>\n",
       "    <tr>\n",
       "      <th>MinTemp</th>\n",
       "      <td>1.000000</td>\n",
       "      <td>0.736267</td>\n",
       "      <td>0.104255</td>\n",
       "      <td>0.467261</td>\n",
       "      <td>0.072961</td>\n",
       "      <td>0.177285</td>\n",
       "      <td>0.176005</td>\n",
       "      <td>0.175749</td>\n",
       "      <td>-0.234211</td>\n",
       "      <td>0.005999</td>\n",
       "      <td>-0.451260</td>\n",
       "      <td>-0.461623</td>\n",
       "      <td>0.077625</td>\n",
       "      <td>0.020489</td>\n",
       "      <td>0.901813</td>\n",
       "      <td>0.708865</td>\n",
       "      <td>0.056185</td>\n",
       "      <td>0.083936</td>\n",
       "    </tr>\n",
       "    <tr>\n",
       "      <th>MaxTemp</th>\n",
       "      <td>0.736267</td>\n",
       "      <td>1.000000</td>\n",
       "      <td>-0.074839</td>\n",
       "      <td>0.588915</td>\n",
       "      <td>0.469967</td>\n",
       "      <td>0.067690</td>\n",
       "      <td>0.014680</td>\n",
       "      <td>0.050800</td>\n",
       "      <td>-0.505432</td>\n",
       "      <td>-0.509270</td>\n",
       "      <td>-0.332293</td>\n",
       "      <td>-0.427279</td>\n",
       "      <td>-0.289865</td>\n",
       "      <td>-0.279053</td>\n",
       "      <td>0.887020</td>\n",
       "      <td>0.984562</td>\n",
       "      <td>-0.228884</td>\n",
       "      <td>-0.159237</td>\n",
       "    </tr>\n",
       "    <tr>\n",
       "      <th>Rainfall</th>\n",
       "      <td>0.104255</td>\n",
       "      <td>-0.074839</td>\n",
       "      <td>1.000000</td>\n",
       "      <td>-0.064549</td>\n",
       "      <td>-0.227525</td>\n",
       "      <td>0.133497</td>\n",
       "      <td>0.086816</td>\n",
       "      <td>0.057759</td>\n",
       "      <td>0.223725</td>\n",
       "      <td>0.255312</td>\n",
       "      <td>-0.168085</td>\n",
       "      <td>-0.126728</td>\n",
       "      <td>0.198195</td>\n",
       "      <td>0.171993</td>\n",
       "      <td>0.011477</td>\n",
       "      <td>-0.079178</td>\n",
       "      <td>0.500997</td>\n",
       "      <td>0.239032</td>\n",
       "    </tr>\n",
       "    <tr>\n",
       "      <th>Evaporation</th>\n",
       "      <td>0.467261</td>\n",
       "      <td>0.588915</td>\n",
       "      <td>-0.064549</td>\n",
       "      <td>1.000000</td>\n",
       "      <td>0.366607</td>\n",
       "      <td>0.203001</td>\n",
       "      <td>0.193936</td>\n",
       "      <td>0.128895</td>\n",
       "      <td>-0.505890</td>\n",
       "      <td>-0.392785</td>\n",
       "      <td>-0.269907</td>\n",
       "      <td>-0.293160</td>\n",
       "      <td>-0.185032</td>\n",
       "      <td>-0.184287</td>\n",
       "      <td>0.545497</td>\n",
       "      <td>0.574275</td>\n",
       "      <td>-0.187975</td>\n",
       "      <td>-0.119285</td>\n",
       "    </tr>\n",
       "    <tr>\n",
       "      <th>Sunshine</th>\n",
       "      <td>0.072961</td>\n",
       "      <td>0.469967</td>\n",
       "      <td>-0.227525</td>\n",
       "      <td>0.366607</td>\n",
       "      <td>1.000000</td>\n",
       "      <td>-0.032831</td>\n",
       "      <td>0.008040</td>\n",
       "      <td>0.056012</td>\n",
       "      <td>-0.491603</td>\n",
       "      <td>-0.629122</td>\n",
       "      <td>0.040959</td>\n",
       "      <td>-0.020464</td>\n",
       "      <td>-0.675610</td>\n",
       "      <td>-0.704202</td>\n",
       "      <td>0.291139</td>\n",
       "      <td>0.490180</td>\n",
       "      <td>-0.330635</td>\n",
       "      <td>-0.450768</td>\n",
       "    </tr>\n",
       "    <tr>\n",
       "      <th>WindGustSpeed</th>\n",
       "      <td>0.177285</td>\n",
       "      <td>0.067690</td>\n",
       "      <td>0.133497</td>\n",
       "      <td>0.203001</td>\n",
       "      <td>-0.032831</td>\n",
       "      <td>1.000000</td>\n",
       "      <td>0.604837</td>\n",
       "      <td>0.686419</td>\n",
       "      <td>-0.215461</td>\n",
       "      <td>-0.026663</td>\n",
       "      <td>-0.457891</td>\n",
       "      <td>-0.412922</td>\n",
       "      <td>0.071235</td>\n",
       "      <td>0.109088</td>\n",
       "      <td>0.150258</td>\n",
       "      <td>0.032970</td>\n",
       "      <td>0.155490</td>\n",
       "      <td>0.234010</td>\n",
       "    </tr>\n",
       "    <tr>\n",
       "      <th>WindSpeed9am</th>\n",
       "      <td>0.176005</td>\n",
       "      <td>0.014680</td>\n",
       "      <td>0.086816</td>\n",
       "      <td>0.193936</td>\n",
       "      <td>0.008040</td>\n",
       "      <td>0.604837</td>\n",
       "      <td>1.000000</td>\n",
       "      <td>0.519971</td>\n",
       "      <td>-0.270807</td>\n",
       "      <td>-0.031607</td>\n",
       "      <td>-0.227923</td>\n",
       "      <td>-0.174916</td>\n",
       "      <td>0.024280</td>\n",
       "      <td>0.053584</td>\n",
       "      <td>0.129298</td>\n",
       "      <td>0.005108</td>\n",
       "      <td>0.102267</td>\n",
       "      <td>0.090995</td>\n",
       "    </tr>\n",
       "    <tr>\n",
       "      <th>WindSpeed3pm</th>\n",
       "      <td>0.175749</td>\n",
       "      <td>0.050800</td>\n",
       "      <td>0.057759</td>\n",
       "      <td>0.128895</td>\n",
       "      <td>0.056012</td>\n",
       "      <td>0.686419</td>\n",
       "      <td>0.519971</td>\n",
       "      <td>1.000000</td>\n",
       "      <td>-0.145942</td>\n",
       "      <td>0.015903</td>\n",
       "      <td>-0.295567</td>\n",
       "      <td>-0.254988</td>\n",
       "      <td>0.052780</td>\n",
       "      <td>0.025269</td>\n",
       "      <td>0.163601</td>\n",
       "      <td>0.028567</td>\n",
       "      <td>0.080074</td>\n",
       "      <td>0.087817</td>\n",
       "    </tr>\n",
       "    <tr>\n",
       "      <th>Humidity9am</th>\n",
       "      <td>-0.234211</td>\n",
       "      <td>-0.505432</td>\n",
       "      <td>0.223725</td>\n",
       "      <td>-0.505890</td>\n",
       "      <td>-0.491603</td>\n",
       "      <td>-0.215461</td>\n",
       "      <td>-0.270807</td>\n",
       "      <td>-0.145942</td>\n",
       "      <td>1.000000</td>\n",
       "      <td>0.667388</td>\n",
       "      <td>0.139519</td>\n",
       "      <td>0.186955</td>\n",
       "      <td>0.452182</td>\n",
       "      <td>0.358043</td>\n",
       "      <td>-0.472826</td>\n",
       "      <td>-0.499777</td>\n",
       "      <td>0.353358</td>\n",
       "      <td>0.257161</td>\n",
       "    </tr>\n",
       "    <tr>\n",
       "      <th>Humidity3pm</th>\n",
       "      <td>0.005999</td>\n",
       "      <td>-0.509270</td>\n",
       "      <td>0.255312</td>\n",
       "      <td>-0.392785</td>\n",
       "      <td>-0.629122</td>\n",
       "      <td>-0.026663</td>\n",
       "      <td>-0.031607</td>\n",
       "      <td>0.015903</td>\n",
       "      <td>0.667388</td>\n",
       "      <td>1.000000</td>\n",
       "      <td>-0.027449</td>\n",
       "      <td>0.051840</td>\n",
       "      <td>0.517037</td>\n",
       "      <td>0.523270</td>\n",
       "      <td>-0.221467</td>\n",
       "      <td>-0.557989</td>\n",
       "      <td>0.378766</td>\n",
       "      <td>0.446160</td>\n",
       "    </tr>\n",
       "    <tr>\n",
       "      <th>Pressure9am</th>\n",
       "      <td>-0.451260</td>\n",
       "      <td>-0.332293</td>\n",
       "      <td>-0.168085</td>\n",
       "      <td>-0.269907</td>\n",
       "      <td>0.040959</td>\n",
       "      <td>-0.457891</td>\n",
       "      <td>-0.227923</td>\n",
       "      <td>-0.295567</td>\n",
       "      <td>0.139519</td>\n",
       "      <td>-0.027449</td>\n",
       "      <td>1.000000</td>\n",
       "      <td>0.961348</td>\n",
       "      <td>-0.130081</td>\n",
       "      <td>-0.148139</td>\n",
       "      <td>-0.422773</td>\n",
       "      <td>-0.287301</td>\n",
       "      <td>-0.189804</td>\n",
       "      <td>-0.246371</td>\n",
       "    </tr>\n",
       "    <tr>\n",
       "      <th>Pressure3pm</th>\n",
       "      <td>-0.461623</td>\n",
       "      <td>-0.427279</td>\n",
       "      <td>-0.126728</td>\n",
       "      <td>-0.293160</td>\n",
       "      <td>-0.020464</td>\n",
       "      <td>-0.412922</td>\n",
       "      <td>-0.174916</td>\n",
       "      <td>-0.254988</td>\n",
       "      <td>0.186955</td>\n",
       "      <td>0.051840</td>\n",
       "      <td>0.961348</td>\n",
       "      <td>1.000000</td>\n",
       "      <td>-0.061152</td>\n",
       "      <td>-0.084963</td>\n",
       "      <td>-0.470325</td>\n",
       "      <td>-0.389863</td>\n",
       "      <td>-0.106298</td>\n",
       "      <td>-0.226031</td>\n",
       "    </tr>\n",
       "    <tr>\n",
       "      <th>Cloud9am</th>\n",
       "      <td>0.077625</td>\n",
       "      <td>-0.289865</td>\n",
       "      <td>0.198195</td>\n",
       "      <td>-0.185032</td>\n",
       "      <td>-0.675610</td>\n",
       "      <td>0.071235</td>\n",
       "      <td>0.024280</td>\n",
       "      <td>0.052780</td>\n",
       "      <td>0.452182</td>\n",
       "      <td>0.517037</td>\n",
       "      <td>-0.130081</td>\n",
       "      <td>-0.061152</td>\n",
       "      <td>1.000000</td>\n",
       "      <td>0.604118</td>\n",
       "      <td>-0.137843</td>\n",
       "      <td>-0.302520</td>\n",
       "      <td>0.305950</td>\n",
       "      <td>0.317380</td>\n",
       "    </tr>\n",
       "    <tr>\n",
       "      <th>Cloud3pm</th>\n",
       "      <td>0.020489</td>\n",
       "      <td>-0.279053</td>\n",
       "      <td>0.171993</td>\n",
       "      <td>-0.184287</td>\n",
       "      <td>-0.704202</td>\n",
       "      <td>0.109088</td>\n",
       "      <td>0.053584</td>\n",
       "      <td>0.025269</td>\n",
       "      <td>0.358043</td>\n",
       "      <td>0.523270</td>\n",
       "      <td>-0.148139</td>\n",
       "      <td>-0.084963</td>\n",
       "      <td>0.604118</td>\n",
       "      <td>1.000000</td>\n",
       "      <td>-0.127869</td>\n",
       "      <td>-0.318254</td>\n",
       "      <td>0.272149</td>\n",
       "      <td>0.381870</td>\n",
       "    </tr>\n",
       "    <tr>\n",
       "      <th>Temp9am</th>\n",
       "      <td>0.901813</td>\n",
       "      <td>0.887020</td>\n",
       "      <td>0.011477</td>\n",
       "      <td>0.545497</td>\n",
       "      <td>0.291139</td>\n",
       "      <td>0.150258</td>\n",
       "      <td>0.129298</td>\n",
       "      <td>0.163601</td>\n",
       "      <td>-0.472826</td>\n",
       "      <td>-0.221467</td>\n",
       "      <td>-0.422773</td>\n",
       "      <td>-0.470325</td>\n",
       "      <td>-0.137843</td>\n",
       "      <td>-0.127869</td>\n",
       "      <td>1.000000</td>\n",
       "      <td>0.860574</td>\n",
       "      <td>-0.096593</td>\n",
       "      <td>-0.025691</td>\n",
       "    </tr>\n",
       "    <tr>\n",
       "      <th>Temp3pm</th>\n",
       "      <td>0.708865</td>\n",
       "      <td>0.984562</td>\n",
       "      <td>-0.079178</td>\n",
       "      <td>0.574275</td>\n",
       "      <td>0.490180</td>\n",
       "      <td>0.032970</td>\n",
       "      <td>0.005108</td>\n",
       "      <td>0.028567</td>\n",
       "      <td>-0.499777</td>\n",
       "      <td>-0.557989</td>\n",
       "      <td>-0.287301</td>\n",
       "      <td>-0.389863</td>\n",
       "      <td>-0.302520</td>\n",
       "      <td>-0.318254</td>\n",
       "      <td>0.860574</td>\n",
       "      <td>1.000000</td>\n",
       "      <td>-0.234925</td>\n",
       "      <td>-0.192424</td>\n",
       "    </tr>\n",
       "    <tr>\n",
       "      <th>RainToday</th>\n",
       "      <td>0.056185</td>\n",
       "      <td>-0.228884</td>\n",
       "      <td>0.500997</td>\n",
       "      <td>-0.187975</td>\n",
       "      <td>-0.330635</td>\n",
       "      <td>0.155490</td>\n",
       "      <td>0.102267</td>\n",
       "      <td>0.080074</td>\n",
       "      <td>0.353358</td>\n",
       "      <td>0.378766</td>\n",
       "      <td>-0.189804</td>\n",
       "      <td>-0.106298</td>\n",
       "      <td>0.305950</td>\n",
       "      <td>0.272149</td>\n",
       "      <td>-0.096593</td>\n",
       "      <td>-0.234925</td>\n",
       "      <td>1.000000</td>\n",
       "      <td>0.313097</td>\n",
       "    </tr>\n",
       "    <tr>\n",
       "      <th>RainTomorrow</th>\n",
       "      <td>0.083936</td>\n",
       "      <td>-0.159237</td>\n",
       "      <td>0.239032</td>\n",
       "      <td>-0.119285</td>\n",
       "      <td>-0.450768</td>\n",
       "      <td>0.234010</td>\n",
       "      <td>0.090995</td>\n",
       "      <td>0.087817</td>\n",
       "      <td>0.257161</td>\n",
       "      <td>0.446160</td>\n",
       "      <td>-0.246371</td>\n",
       "      <td>-0.226031</td>\n",
       "      <td>0.317380</td>\n",
       "      <td>0.381870</td>\n",
       "      <td>-0.025691</td>\n",
       "      <td>-0.192424</td>\n",
       "      <td>0.313097</td>\n",
       "      <td>1.000000</td>\n",
       "    </tr>\n",
       "  </tbody>\n",
       "</table>\n",
       "</div>"
      ],
      "text/plain": [
       "                MinTemp   MaxTemp  Rainfall  Evaporation  Sunshine  \\\n",
       "MinTemp        1.000000  0.736267  0.104255     0.467261  0.072961   \n",
       "MaxTemp        0.736267  1.000000 -0.074839     0.588915  0.469967   \n",
       "Rainfall       0.104255 -0.074839  1.000000    -0.064549 -0.227525   \n",
       "Evaporation    0.467261  0.588915 -0.064549     1.000000  0.366607   \n",
       "Sunshine       0.072961  0.469967 -0.227525     0.366607  1.000000   \n",
       "WindGustSpeed  0.177285  0.067690  0.133497     0.203001 -0.032831   \n",
       "WindSpeed9am   0.176005  0.014680  0.086816     0.193936  0.008040   \n",
       "WindSpeed3pm   0.175749  0.050800  0.057759     0.128895  0.056012   \n",
       "Humidity9am   -0.234211 -0.505432  0.223725    -0.505890 -0.491603   \n",
       "Humidity3pm    0.005999 -0.509270  0.255312    -0.392785 -0.629122   \n",
       "Pressure9am   -0.451260 -0.332293 -0.168085    -0.269907  0.040959   \n",
       "Pressure3pm   -0.461623 -0.427279 -0.126728    -0.293160 -0.020464   \n",
       "Cloud9am       0.077625 -0.289865  0.198195    -0.185032 -0.675610   \n",
       "Cloud3pm       0.020489 -0.279053  0.171993    -0.184287 -0.704202   \n",
       "Temp9am        0.901813  0.887020  0.011477     0.545497  0.291139   \n",
       "Temp3pm        0.708865  0.984562 -0.079178     0.574275  0.490180   \n",
       "RainToday      0.056185 -0.228884  0.500997    -0.187975 -0.330635   \n",
       "RainTomorrow   0.083936 -0.159237  0.239032    -0.119285 -0.450768   \n",
       "\n",
       "               WindGustSpeed  WindSpeed9am  WindSpeed3pm  Humidity9am  \\\n",
       "MinTemp             0.177285      0.176005      0.175749    -0.234211   \n",
       "MaxTemp             0.067690      0.014680      0.050800    -0.505432   \n",
       "Rainfall            0.133497      0.086816      0.057759     0.223725   \n",
       "Evaporation         0.203001      0.193936      0.128895    -0.505890   \n",
       "Sunshine           -0.032831      0.008040      0.056012    -0.491603   \n",
       "WindGustSpeed       1.000000      0.604837      0.686419    -0.215461   \n",
       "WindSpeed9am        0.604837      1.000000      0.519971    -0.270807   \n",
       "WindSpeed3pm        0.686419      0.519971      1.000000    -0.145942   \n",
       "Humidity9am        -0.215461     -0.270807     -0.145942     1.000000   \n",
       "Humidity3pm        -0.026663     -0.031607      0.015903     0.667388   \n",
       "Pressure9am        -0.457891     -0.227923     -0.295567     0.139519   \n",
       "Pressure3pm        -0.412922     -0.174916     -0.254988     0.186955   \n",
       "Cloud9am            0.071235      0.024280      0.052780     0.452182   \n",
       "Cloud3pm            0.109088      0.053584      0.025269     0.358043   \n",
       "Temp9am             0.150258      0.129298      0.163601    -0.472826   \n",
       "Temp3pm             0.032970      0.005108      0.028567    -0.499777   \n",
       "RainToday           0.155490      0.102267      0.080074     0.353358   \n",
       "RainTomorrow        0.234010      0.090995      0.087817     0.257161   \n",
       "\n",
       "               Humidity3pm  Pressure9am  Pressure3pm  Cloud9am  Cloud3pm  \\\n",
       "MinTemp           0.005999    -0.451260    -0.461623  0.077625  0.020489   \n",
       "MaxTemp          -0.509270    -0.332293    -0.427279 -0.289865 -0.279053   \n",
       "Rainfall          0.255312    -0.168085    -0.126728  0.198195  0.171993   \n",
       "Evaporation      -0.392785    -0.269907    -0.293160 -0.185032 -0.184287   \n",
       "Sunshine         -0.629122     0.040959    -0.020464 -0.675610 -0.704202   \n",
       "WindGustSpeed    -0.026663    -0.457891    -0.412922  0.071235  0.109088   \n",
       "WindSpeed9am     -0.031607    -0.227923    -0.174916  0.024280  0.053584   \n",
       "WindSpeed3pm      0.015903    -0.295567    -0.254988  0.052780  0.025269   \n",
       "Humidity9am       0.667388     0.139519     0.186955  0.452182  0.358043   \n",
       "Humidity3pm       1.000000    -0.027449     0.051840  0.517037  0.523270   \n",
       "Pressure9am      -0.027449     1.000000     0.961348 -0.130081 -0.148139   \n",
       "Pressure3pm       0.051840     0.961348     1.000000 -0.061152 -0.084963   \n",
       "Cloud9am          0.517037    -0.130081    -0.061152  1.000000  0.604118   \n",
       "Cloud3pm          0.523270    -0.148139    -0.084963  0.604118  1.000000   \n",
       "Temp9am          -0.221467    -0.422773    -0.470325 -0.137843 -0.127869   \n",
       "Temp3pm          -0.557989    -0.287301    -0.389863 -0.302520 -0.318254   \n",
       "RainToday         0.378766    -0.189804    -0.106298  0.305950  0.272149   \n",
       "RainTomorrow      0.446160    -0.246371    -0.226031  0.317380  0.381870   \n",
       "\n",
       "                Temp9am   Temp3pm  RainToday  RainTomorrow  \n",
       "MinTemp        0.901813  0.708865   0.056185      0.083936  \n",
       "MaxTemp        0.887020  0.984562  -0.228884     -0.159237  \n",
       "Rainfall       0.011477 -0.079178   0.500997      0.239032  \n",
       "Evaporation    0.545497  0.574275  -0.187975     -0.119285  \n",
       "Sunshine       0.291139  0.490180  -0.330635     -0.450768  \n",
       "WindGustSpeed  0.150258  0.032970   0.155490      0.234010  \n",
       "WindSpeed9am   0.129298  0.005108   0.102267      0.090995  \n",
       "WindSpeed3pm   0.163601  0.028567   0.080074      0.087817  \n",
       "Humidity9am   -0.472826 -0.499777   0.353358      0.257161  \n",
       "Humidity3pm   -0.221467 -0.557989   0.378766      0.446160  \n",
       "Pressure9am   -0.422773 -0.287301  -0.189804     -0.246371  \n",
       "Pressure3pm   -0.470325 -0.389863  -0.106298     -0.226031  \n",
       "Cloud9am      -0.137843 -0.302520   0.305950      0.317380  \n",
       "Cloud3pm      -0.127869 -0.318254   0.272149      0.381870  \n",
       "Temp9am        1.000000  0.860574  -0.096593     -0.025691  \n",
       "Temp3pm        0.860574  1.000000  -0.234925     -0.192424  \n",
       "RainToday     -0.096593 -0.234925   1.000000      0.313097  \n",
       "RainTomorrow  -0.025691 -0.192424   0.313097      1.000000  "
      ]
     },
     "execution_count": 35,
     "metadata": {},
     "output_type": "execute_result"
    }
   ],
   "source": [
    "X.corr(method='pearson')"
   ]
  },
  {
   "cell_type": "code",
   "execution_count": 36,
   "id": "4a20a2a7",
   "metadata": {},
   "outputs": [
    {
     "data": {
      "application/javascript": [
       "/* Put everything inside the global mpl namespace */\n",
       "/* global mpl */\n",
       "window.mpl = {};\n",
       "\n",
       "mpl.get_websocket_type = function () {\n",
       "    if (typeof WebSocket !== 'undefined') {\n",
       "        return WebSocket;\n",
       "    } else if (typeof MozWebSocket !== 'undefined') {\n",
       "        return MozWebSocket;\n",
       "    } else {\n",
       "        alert(\n",
       "            'Your browser does not have WebSocket support. ' +\n",
       "                'Please try Chrome, Safari or Firefox ≥ 6. ' +\n",
       "                'Firefox 4 and 5 are also supported but you ' +\n",
       "                'have to enable WebSockets in about:config.'\n",
       "        );\n",
       "    }\n",
       "};\n",
       "\n",
       "mpl.figure = function (figure_id, websocket, ondownload, parent_element) {\n",
       "    this.id = figure_id;\n",
       "\n",
       "    this.ws = websocket;\n",
       "\n",
       "    this.supports_binary = this.ws.binaryType !== undefined;\n",
       "\n",
       "    if (!this.supports_binary) {\n",
       "        var warnings = document.getElementById('mpl-warnings');\n",
       "        if (warnings) {\n",
       "            warnings.style.display = 'block';\n",
       "            warnings.textContent =\n",
       "                'This browser does not support binary websocket messages. ' +\n",
       "                'Performance may be slow.';\n",
       "        }\n",
       "    }\n",
       "\n",
       "    this.imageObj = new Image();\n",
       "\n",
       "    this.context = undefined;\n",
       "    this.message = undefined;\n",
       "    this.canvas = undefined;\n",
       "    this.rubberband_canvas = undefined;\n",
       "    this.rubberband_context = undefined;\n",
       "    this.format_dropdown = undefined;\n",
       "\n",
       "    this.image_mode = 'full';\n",
       "\n",
       "    this.root = document.createElement('div');\n",
       "    this.root.setAttribute('style', 'display: inline-block');\n",
       "    this._root_extra_style(this.root);\n",
       "\n",
       "    parent_element.appendChild(this.root);\n",
       "\n",
       "    this._init_header(this);\n",
       "    this._init_canvas(this);\n",
       "    this._init_toolbar(this);\n",
       "\n",
       "    var fig = this;\n",
       "\n",
       "    this.waiting = false;\n",
       "\n",
       "    this.ws.onopen = function () {\n",
       "        fig.send_message('supports_binary', { value: fig.supports_binary });\n",
       "        fig.send_message('send_image_mode', {});\n",
       "        if (fig.ratio !== 1) {\n",
       "            fig.send_message('set_dpi_ratio', { dpi_ratio: fig.ratio });\n",
       "        }\n",
       "        fig.send_message('refresh', {});\n",
       "    };\n",
       "\n",
       "    this.imageObj.onload = function () {\n",
       "        if (fig.image_mode === 'full') {\n",
       "            // Full images could contain transparency (where diff images\n",
       "            // almost always do), so we need to clear the canvas so that\n",
       "            // there is no ghosting.\n",
       "            fig.context.clearRect(0, 0, fig.canvas.width, fig.canvas.height);\n",
       "        }\n",
       "        fig.context.drawImage(fig.imageObj, 0, 0);\n",
       "    };\n",
       "\n",
       "    this.imageObj.onunload = function () {\n",
       "        fig.ws.close();\n",
       "    };\n",
       "\n",
       "    this.ws.onmessage = this._make_on_message_function(this);\n",
       "\n",
       "    this.ondownload = ondownload;\n",
       "};\n",
       "\n",
       "mpl.figure.prototype._init_header = function () {\n",
       "    var titlebar = document.createElement('div');\n",
       "    titlebar.classList =\n",
       "        'ui-dialog-titlebar ui-widget-header ui-corner-all ui-helper-clearfix';\n",
       "    var titletext = document.createElement('div');\n",
       "    titletext.classList = 'ui-dialog-title';\n",
       "    titletext.setAttribute(\n",
       "        'style',\n",
       "        'width: 100%; text-align: center; padding: 3px;'\n",
       "    );\n",
       "    titlebar.appendChild(titletext);\n",
       "    this.root.appendChild(titlebar);\n",
       "    this.header = titletext;\n",
       "};\n",
       "\n",
       "mpl.figure.prototype._canvas_extra_style = function (_canvas_div) {};\n",
       "\n",
       "mpl.figure.prototype._root_extra_style = function (_canvas_div) {};\n",
       "\n",
       "mpl.figure.prototype._init_canvas = function () {\n",
       "    var fig = this;\n",
       "\n",
       "    var canvas_div = (this.canvas_div = document.createElement('div'));\n",
       "    canvas_div.setAttribute(\n",
       "        'style',\n",
       "        'border: 1px solid #ddd;' +\n",
       "            'box-sizing: content-box;' +\n",
       "            'clear: both;' +\n",
       "            'min-height: 1px;' +\n",
       "            'min-width: 1px;' +\n",
       "            'outline: 0;' +\n",
       "            'overflow: hidden;' +\n",
       "            'position: relative;' +\n",
       "            'resize: both;'\n",
       "    );\n",
       "\n",
       "    function on_keyboard_event_closure(name) {\n",
       "        return function (event) {\n",
       "            return fig.key_event(event, name);\n",
       "        };\n",
       "    }\n",
       "\n",
       "    canvas_div.addEventListener(\n",
       "        'keydown',\n",
       "        on_keyboard_event_closure('key_press')\n",
       "    );\n",
       "    canvas_div.addEventListener(\n",
       "        'keyup',\n",
       "        on_keyboard_event_closure('key_release')\n",
       "    );\n",
       "\n",
       "    this._canvas_extra_style(canvas_div);\n",
       "    this.root.appendChild(canvas_div);\n",
       "\n",
       "    var canvas = (this.canvas = document.createElement('canvas'));\n",
       "    canvas.classList.add('mpl-canvas');\n",
       "    canvas.setAttribute('style', 'box-sizing: content-box;');\n",
       "\n",
       "    this.context = canvas.getContext('2d');\n",
       "\n",
       "    var backingStore =\n",
       "        this.context.backingStorePixelRatio ||\n",
       "        this.context.webkitBackingStorePixelRatio ||\n",
       "        this.context.mozBackingStorePixelRatio ||\n",
       "        this.context.msBackingStorePixelRatio ||\n",
       "        this.context.oBackingStorePixelRatio ||\n",
       "        this.context.backingStorePixelRatio ||\n",
       "        1;\n",
       "\n",
       "    this.ratio = (window.devicePixelRatio || 1) / backingStore;\n",
       "\n",
       "    var rubberband_canvas = (this.rubberband_canvas = document.createElement(\n",
       "        'canvas'\n",
       "    ));\n",
       "    rubberband_canvas.setAttribute(\n",
       "        'style',\n",
       "        'box-sizing: content-box; position: absolute; left: 0; top: 0; z-index: 1;'\n",
       "    );\n",
       "\n",
       "    // Apply a ponyfill if ResizeObserver is not implemented by browser.\n",
       "    if (this.ResizeObserver === undefined) {\n",
       "        if (window.ResizeObserver !== undefined) {\n",
       "            this.ResizeObserver = window.ResizeObserver;\n",
       "        } else {\n",
       "            var obs = _JSXTOOLS_RESIZE_OBSERVER({});\n",
       "            this.ResizeObserver = obs.ResizeObserver;\n",
       "        }\n",
       "    }\n",
       "\n",
       "    this.resizeObserverInstance = new this.ResizeObserver(function (entries) {\n",
       "        var nentries = entries.length;\n",
       "        for (var i = 0; i < nentries; i++) {\n",
       "            var entry = entries[i];\n",
       "            var width, height;\n",
       "            if (entry.contentBoxSize) {\n",
       "                if (entry.contentBoxSize instanceof Array) {\n",
       "                    // Chrome 84 implements new version of spec.\n",
       "                    width = entry.contentBoxSize[0].inlineSize;\n",
       "                    height = entry.contentBoxSize[0].blockSize;\n",
       "                } else {\n",
       "                    // Firefox implements old version of spec.\n",
       "                    width = entry.contentBoxSize.inlineSize;\n",
       "                    height = entry.contentBoxSize.blockSize;\n",
       "                }\n",
       "            } else {\n",
       "                // Chrome <84 implements even older version of spec.\n",
       "                width = entry.contentRect.width;\n",
       "                height = entry.contentRect.height;\n",
       "            }\n",
       "\n",
       "            // Keep the size of the canvas and rubber band canvas in sync with\n",
       "            // the canvas container.\n",
       "            if (entry.devicePixelContentBoxSize) {\n",
       "                // Chrome 84 implements new version of spec.\n",
       "                canvas.setAttribute(\n",
       "                    'width',\n",
       "                    entry.devicePixelContentBoxSize[0].inlineSize\n",
       "                );\n",
       "                canvas.setAttribute(\n",
       "                    'height',\n",
       "                    entry.devicePixelContentBoxSize[0].blockSize\n",
       "                );\n",
       "            } else {\n",
       "                canvas.setAttribute('width', width * fig.ratio);\n",
       "                canvas.setAttribute('height', height * fig.ratio);\n",
       "            }\n",
       "            canvas.setAttribute(\n",
       "                'style',\n",
       "                'width: ' + width + 'px; height: ' + height + 'px;'\n",
       "            );\n",
       "\n",
       "            rubberband_canvas.setAttribute('width', width);\n",
       "            rubberband_canvas.setAttribute('height', height);\n",
       "\n",
       "            // And update the size in Python. We ignore the initial 0/0 size\n",
       "            // that occurs as the element is placed into the DOM, which should\n",
